0.000000 0.523598
0.010000 0.523108
0.020000 0.521644
0.030000 0.519212
0.040000 0.515821
0.050000 0.511483
0.060000 0.506209
0.070000 0.500013
0.080000 0.492910
0.090000 0.484917
0.100000 0.476052
0.110000 0.466335
0.120000 0.455788
0.130000 0.444431
0.140000 0.432291
0.150000 0.419392
0.160000 0.405760
0.170000 0.391425
0.180000 0.376415
0.190000 0.360761
0.200000 0.344494
0.210000 0.327648
0.220000 0.310257
0.230000 0.292356
0.240000 0.273979
0.250000 0.255166
0.260000 0.235953
0.270000 0.216378
0.280000 0.196481
0.290000 0.176301
0.300000 0.155880
0.310000 0.135256
0.320000 0.114472
0.330000 0.093568
0.340000 0.072585
0.350000 0.051566
0.360000 0.030550
0.370000 0.009580
0.380000 -0.011305
0.390000 -0.032063
0.400000 -0.052655
0.410000 -0.073041
0.420000 -0.093182
0.430000 -0.113041
0.440000 -0.132580
0.450000 -0.151764
0.460000 -0.170555
0.470000 -0.188921
0.480000 -0.206828
0.490000 -0.224244
0.500000 -0.241138
0.510000 -0.257480
0.520000 -0.273243
0.530000 -0.288399
0.540000 -0.302923
0.550000 -0.316792
0.560000 -0.329981
0.570000 -0.342471
0.580000 -0.354242
0.590000 -0.365276
0.600000 -0.375556
0.610000 -0.385067
0.620000 -0.393796
0.630000 -0.401731
0.640000 -0.408861
0.650000 -0.415178
0.660000 -0.420675
0.670000 -0.425346
0.680000 -0.429186
0.690000 -0.432193
0.700000 -0.434366
0.710000 -0.435704
0.720000 -0.436211
0.730000 -0.435889
0.740000 -0.434742
0.750000 -0.432777
0.760000 -0.430002
0.770000 -0.426425
0.780000 -0.422057
0.790000 -0.416910
0.800000 -0.410996
0.810000 -0.404331
0.820000 -0.396929
0.830000 -0.388808
0.840000 -0.379985
0.850000 -0.370482
0.860000 -0.360318
0.870000 -0.349514
0.880000 -0.338095
0.890000 -0.326084
0.900000 -0.313507
0.910000 -0.300389
0.920000 -0.286758
0.930000 -0.272641
0.940000 -0.258069
0.950000 -0.243069
0.960000 -0.227674
0.970000 -0.211915
0.980000 -0.195822
0.990000 -0.179429
1.000000 -0.162769
1.010000 -0.145875
1.020000 -0.128781
1.030000 -0.111522
1.040000 -0.094130
1.050000 -0.076642
1.060000 -0.059091
1.070000 -0.041512
1.080000 -0.023940
1.090000 -0.006409
1.100000 0.011047
1.110000 0.028395
1.120000 0.045600
1.130000 0.062631
1.140000 0.079454
1.150000 0.096037
1.160000 0.112351
1.170000 0.128364
1.180000 0.144046
1.190000 0.159369
1.200000 0.174306
1.210000 0.188828
1.220000 0.202911
1.230000 0.216530
1.240000 0.229660
1.250000 0.242279
1.260000 0.254366
1.270000 0.265901
1.280000 0.276864
1.290000 0.287238
1.300000 0.297006
1.310000 0.306152
1.320000 0.314664
1.330000 0.322527
1.340000 0.329731
1.350000 0.336266
1.360000 0.342123
1.370000 0.347295
1.380000 0.351775
1.390000 0.355558
1.400000 0.358642
1.410000 0.361024
1.420000 0.362703
1.430000 0.363680
1.440000 0.363956
1.450000 0.363534
1.460000 0.362419
1.470000 0.360616
1.480000 0.358132
1.490000 0.354975
1.500000 0.351153
1.510000 0.346678
1.520000 0.341561
1.530000 0.335814
1.540000 0.329451
1.550000 0.322487
1.560000 0.314938
1.570000 0.306820
1.580000 0.298152
1.590000 0.288953
1.600000 0.279243
1.610000 0.269042
1.620000 0.258372
1.630000 0.247255
1.640000 0.235715
1.650000 0.223776
1.660000 0.211463
1.670000 0.198800
1.680000 0.185814
1.690000 0.172532
1.700000 0.158980
1.710000 0.145186
1.720000 0.131178
1.730000 0.116985
1.740000 0.102633
1.750000 0.088153
1.760000 0.073573
1.770000 0.058922
1.780000 0.044229
1.790000 0.029522
1.800000 0.014832
1.810000 0.000185
1.820000 -0.014388
1.830000 -0.028861
1.840000 -0.043205
1.850000 -0.057393
1.860000 -0.071398
1.870000 -0.085193
1.880000 -0.098753
1.890000 -0.112053
1.900000 -0.125067
1.910000 -0.137773
1.920000 -0.150146
1.930000 -0.162165
1.940000 -0.173809
1.950000 -0.185056
1.960000 -0.195887
1.970000 -0.206283
1.980000 -0.216226
1.990000 -0.225701
2.000000 -0.234690
2.010000 -0.243179
2.020000 -0.251155
2.030000 -0.258606
2.040000 -0.265519
2.050000 -0.271884
2.060000 -0.277692
2.070000 -0.282934
2.080000 -0.287605
2.090000 -0.291697
2.100000 -0.295207
2.110000 -0.298130
2.120000 -0.300463
2.130000 -0.302206
2.140000 -0.303359
2.150000 -0.303921
2.160000 -0.303895
2.170000 -0.303284
2.180000 -0.302092
2.190000 -0.300323
2.200000 -0.297985
2.210000 -0.295085
2.220000 -0.291630
2.230000 -0.287629
2.240000 -0.283094
2.250000 -0.278036
2.260000 -0.272465
2.270000 -0.266396
2.280000 -0.259842
2.290000 -0.252819
2.300000 -0.245341
2.310000 -0.237426
2.320000 -0.229090
2.330000 -0.220351
2.340000 -0.211228
2.350000 -0.201741
2.360000 -0.191909
2.370000 -0.181754
2.380000 -0.171295
2.390000 -0.160555
2.400000 -0.149556
2.410000 -0.138321
2.420000 -0.126872
2.430000 -0.115232
2.440000 -0.103426
2.450000 -0.091477
2.460000 -0.079409
2.470000 -0.067245
2.480000 -0.055011
2.490000 -0.042731
2.500000 -0.030428
2.510000 -0.018127
2.520000 -0.005852
2.530000 0.006373
2.540000 0.018524
2.550000 0.030579
2.560000 0.042514
2.570000 0.054306
2.580000 0.065933
2.590000 0.077373
2.600000 0.088604
2.610000 0.099607
2.620000 0.110360
2.630000 0.120844
2.640000 0.131040
2.650000 0.140930
2.660000 0.150495
2.670000 0.159719
2.680000 0.168586
2.690000 0.177081
2.700000 0.185189
2.710000 0.192896
2.720000 0.200190
2.730000 0.207058
2.740000 0.213490
2.750000 0.219475
2.760000 0.225005
2.770000 0.230071
2.780000 0.234665
2.790000 0.238781
2.800000 0.242415
2.810000 0.245560
2.820000 0.248215
2.830000 0.250375
2.840000 0.252041
2.850000 0.253210
2.860000 0.253883
2.870000 0.254062
2.880000 0.253748
2.890000 0.252944
2.900000 0.251655
2.910000 0.249886
2.920000 0.247642
2.930000 0.244929
2.940000 0.241756
2.950000 0.238130
2.960000 0.234061
2.970000 0.229558
2.980000 0.224633
2.990000 0.219297
3.000000 0.213562
3.010000 0.207441
3.020000 0.200947
3.030000 0.194096
3.040000 0.186901
3.050000 0.179379
3.060000 0.171546
3.070000 0.163418
3.080000 0.155012
3.090000 0.146346
3.100000 0.137438
3.110000 0.128306
3.120000 0.118970
3.130000 0.109448
3.140000 0.099760
3.150000 0.089926
3.160000 0.079965
3.170000 0.069898
3.180000 0.059744
3.190000 0.049524
3.200000 0.039258
3.210000 0.028967
3.220000 0.018670
3.230000 0.008389
3.240000 -0.001858
3.250000 -0.012050
3.260000 -0.022168
3.270000 -0.032191
3.280000 -0.042102
3.290000 -0.051881
3.300000 -0.061510
3.310000 -0.070970
3.320000 -0.080244
3.330000 -0.089316
3.340000 -0.098167
3.350000 -0.106783
3.360000 -0.115147
3.370000 -0.123245
3.380000 -0.131062
3.390000 -0.138584
3.400000 -0.145798
3.410000 -0.152693
3.420000 -0.159255
3.430000 -0.165474
3.440000 -0.171340
3.450000 -0.176844
3.460000 -0.181976
3.470000 -0.186728
3.480000 -0.191093
3.490000 -0.195065
3.500000 -0.198638
3.510000 -0.201807
3.520000 -0.204568
3.530000 -0.206919
3.540000 -0.208855
3.550000 -0.210377
3.560000 -0.211482
3.570000 -0.212171
3.580000 -0.212445
3.590000 -0.212305
3.600000 -0.211753
3.610000 -0.210794
3.620000 -0.209429
3.630000 -0.207665
3.640000 -0.205507
3.650000 -0.202960
3.660000 -0.200031
3.670000 -0.196728
3.680000 -0.193060
3.690000 -0.189035
3.700000 -0.184662
3.710000 -0.179951
3.720000 -0.174915
3.730000 -0.169562
3.740000 -0.163907
3.750000 -0.157961
3.760000 -0.151736
3.770000 -0.145247
3.780000 -0.138507
3.790000 -0.131531
3.800000 -0.124333
3.810000 -0.116929
3.820000 -0.109333
3.830000 -0.101562
3.840000 -0.093631
3.850000 -0.085557
3.860000 -0.077356
3.870000 -0.069045
3.880000 -0.060640
3.890000 -0.052159
3.900000 -0.043618
3.910000 -0.035034
3.920000 -0.026425
3.930000 -0.017807
3.940000 -0.009198
3.950000 -0.000613
3.960000 0.007930
3.970000 0.016415
3.980000 0.024826
3.990000 0.033146
4.000000 0.041359
4.010000 0.049451
4.020000 0.057406
4.030000 0.065208
4.040000 0.072845
4.050000 0.080301
4.060000 0.087562
4.070000 0.094617
4.080000 0.101451
4.090000 0.108053
4.100000 0.114412
4.110000 0.120515
4.120000 0.126352
4.130000 0.131914
4.140000 0.137191
4.150000 0.142174
4.160000 0.146855
4.170000 0.151227
4.180000 0.155282
4.190000 0.159014
4.200000 0.162418
4.210000 0.165488
4.220000 0.168221
4.230000 0.170613
4.240000 0.172661
4.250000 0.174363
4.260000 0.175716
4.270000 0.176721
4.280000 0.177377
4.290000 0.177685
4.300000 0.177645
4.310000 0.177260
4.320000 0.176532
4.330000 0.175464
4.340000 0.174060
4.350000 0.172325
4.360000 0.170262
4.370000 0.167878
4.380000 0.165180
4.390000 0.162173
4.400000 0.158865
4.410000 0.155265
4.420000 0.151380
4.430000 0.147219
4.440000 0.142792
4.450000 0.138109
4.460000 0.133180
4.470000 0.128016
4.480000 0.122628
4.490000 0.117028
4.500000 0.111227
4.510000 0.105238
4.520000 0.099073
4.530000 0.092746
4.540000 0.086269
4.550000 0.079656
4.560000 0.072920
4.570000 0.066075
4.580000 0.059136
4.590000 0.052115
4.600000 0.045028
4.610000 0.037888
4.620000 0.030709
4.630000 0.023506
4.640000 0.016294
4.650000 0.009085
4.660000 0.001894
4.670000 -0.005264
4.680000 -0.012376
4.690000 -0.019429
4.700000 -0.026408
4.710000 -0.033301
4.720000 -0.040094
4.730000 -0.046775
4.740000 -0.053331
4.750000 -0.059751
4.760000 -0.066021
4.770000 -0.072131
4.780000 -0.078070
4.790000 -0.083826
4.800000 -0.089390
4.810000 -0.094751
4.820000 -0.099901
4.830000 -0.104830
4.840000 -0.109529
4.850000 -0.113991
4.860000 -0.118209
4.870000 -0.122175
4.880000 -0.125882
4.890000 -0.129326
4.900000 -0.132500
4.910000 -0.135400
4.920000 -0.138021
4.930000 -0.140360
4.940000 -0.142414
4.950000 -0.144180
4.960000 -0.145656
4.970000 -0.146840
4.980000 -0.147733
4.990000 -0.148333
5.000000 -0.148642
5.010000 -0.148659
5.020000 -0.148386
5.030000 -0.147825
5.040000 -0.146979
5.050000 -0.145851
5.060000 -0.144444
5.070000 -0.142763
5.080000 -0.140811
5.090000 -0.138595
5.100000 -0.136120
5.110000 -0.133392
5.120000 -0.130417
5.130000 -0.127202
5.140000 -0.123756
5.150000 -0.120085
5.160000 -0.116198
5.170000 -0.112104
5.180000 -0.107812
5.190000 -0.103330
5.200000 -0.098669
5.210000 -0.093839
5.220000 -0.088849
5.230000 -0.083711
5.240000 -0.078435
5.250000 -0.073032
5.260000 -0.067513
5.270000 -0.061890
5.280000 -0.056173
5.290000 -0.050376
5.300000 -0.044509
5.310000 -0.038584
5.320000 -0.032614
5.330000 -0.026609
5.340000 -0.020582
5.350000 -0.014545
5.360000 -0.008510
5.370000 -0.002489
5.380000 0.003508
5.390000 0.009468
5.400000 0.015379
5.410000 0.021231
5.420000 0.027012
5.430000 0.032711
5.440000 0.038318
5.450000 0.043823
5.460000 0.049213
5.470000 0.054481
5.480000 0.059616
5.490000 0.064609
5.500000 0.069451
5.510000 0.074132
5.520000 0.078646
5.530000 0.082983
5.540000 0.087136
5.550000 0.091099
5.560000 0.094864
5.570000 0.098424
5.580000 0.101775
5.590000 0.104910
5.600000 0.107825
5.610000 0.110515
5.620000 0.112975
5.630000 0.115203
5.640000 0.117195
5.650000 0.118948
5.660000 0.120460
5.670000 0.121730
5.680000 0.122756
5.690000 0.123537
5.700000 0.124073
5.710000 0.124365
5.720000 0.124412
5.730000 0.124217
5.740000 0.123780
5.750000 0.123103
5.760000 0.122190
5.770000 0.121043
5.780000 0.119666
5.790000 0.118062
5.800000 0.116235
5.810000 0.114191
5.820000 0.111934
5.830000 0.109470
5.840000 0.106805
5.850000 0.103944
5.860000 0.100895
5.870000 0.097664
5.880000 0.094258
5.890000 0.090685
5.900000 0.086953
5.910000 0.083069
5.920000 0.079043
5.930000 0.074882
5.940000 0.070596
5.950000 0.066193
5.960000 0.061683
5.970000 0.057075
5.980000 0.052378
5.990000 0.047602
6.000000 0.042757
6.010000 0.037852
6.020000 0.032898
6.030000 0.027905
6.040000 0.022881
6.050000 0.017838
6.060000 0.012786
6.070000 0.007733
6.080000 0.002691
6.090000 -0.002332
6.100000 -0.007325
6.110000 -0.012278
6.120000 -0.017183
6.130000 -0.022030
6.140000 -0.026810
6.150000 -0.031513
6.160000 -0.036131
6.170000 -0.040655
6.180000 -0.045078
6.190000 -0.049390
6.200000 -0.053584
6.210000 -0.057652
6.220000 -0.061588
6.230000 -0.065383
6.240000 -0.069031
6.250000 -0.072527
6.260000 -0.075863
6.270000 -0.079034
6.280000 -0.082035
6.290000 -0.084861
6.300000 -0.087507
6.310000 -0.089969
6.320000 -0.092242
6.330000 -0.094324
6.340000 -0.096212
6.350000 -0.097902
6.360000 -0.099393
6.370000 -0.100682
6.380000 -0.101768
6.390000 -0.102650
6.400000 -0.103327
6.410000 -0.103798
6.420000 -0.104065
6.430000 -0.104128
6.440000 -0.103986
6.450000 -0.103643
6.460000 -0.103098
6.470000 -0.102356
6.480000 -0.101417
6.490000 -0.100284
6.500000 -0.098962
6.510000 -0.097452
6.520000 -0.095760
6.530000 -0.093890
6.540000 -0.091845
6.550000 -0.089631
6.560000 -0.087254
6.570000 -0.084717
6.580000 -0.082028
6.590000 -0.079192
6.600000 -0.076215
6.610000 -0.073104
6.620000 -0.069866
6.630000 -0.066507
6.640000 -0.063036
6.650000 -0.059458
6.660000 -0.055782
6.670000 -0.052015
6.680000 -0.048166
6.690000 -0.044241
6.700000 -0.040249
6.710000 -0.036199
6.720000 -0.032098
6.730000 -0.027955
6.740000 -0.023778
6.750000 -0.019575
6.760000 -0.015355
6.770000 -0.011126
6.780000 -0.006896
6.790000 -0.002674
6.800000 0.001533
6.810000 0.005715
6.820000 0.009865
6.830000 0.013975
6.840000 0.018038
6.850000 0.022045
6.860000 0.025988
6.870000 0.029862
6.880000 0.033657
6.890000 0.037368
6.900000 0.040987
6.910000 0.044508
6.920000 0.047924
6.930000 0.051230
6.940000 0.054418
6.950000 0.057485
6.960000 0.060424
6.970000 0.063230
6.980000 0.065898
6.990000 0.068425
7.000000 0.070805
7.010000 0.073034
7.020000 0.075110
7.030000 0.077029
7.040000 0.078788
7.050000 0.080384
7.060000 0.081814
7.070000 0.083078
7.080000 0.084174
7.090000 0.085099
7.100000 0.085853
7.110000 0.086436
7.120000 0.086847
7.130000 0.087087
7.140000 0.087155
7.150000 0.087053
7.160000 0.086781
7.170000 0.086340
7.180000 0.085734
7.190000 0.084962
7.200000 0.084029
7.210000 0.082936
7.220000 0.081687
7.230000 0.080284
7.240000 0.078732
7.250000 0.077033
7.260000 0.075192
7.270000 0.073214
7.280000 0.071102
7.290000 0.068862
7.300000 0.066498
7.310000 0.064016
7.320000 0.061422
7.330000 0.058720
7.340000 0.055917
7.350000 0.053019
7.360000 0.050032
7.370000 0.046961
7.380000 0.043814
7.390000 0.040597
7.400000 0.037317
7.410000 0.033981
7.420000 0.030594
7.430000 0.027164
7.440000 0.023699
7.450000 0.020204
7.460000 0.016688
7.470000 0.013156
7.480000 0.009616
7.490000 0.006075
7.500000 0.002540
7.510000 -0.000982
7.520000 -0.004485
7.530000 -0.007962
7.540000 -0.011406
7.550000 -0.014810
7.560000 -0.018169
7.570000 -0.021475
7.580000 -0.024722
7.590000 -0.027905
7.600000 -0.031018
7.610000 -0.034054
7.620000 -0.037009
7.630000 -0.039876
7.640000 -0.042651
7.650000 -0.045329
7.660000 -0.047905
7.670000 -0.050374
7.680000 -0.052733
7.690000 -0.054977
7.700000 -0.057102
7.710000 -0.059104
7.720000 -0.060982
7.730000 -0.062730
7.740000 -0.064348
7.750000 -0.065831
7.760000 -0.067178
7.770000 -0.068388
7.780000 -0.069457
7.790000 -0.070386
7.800000 -0.071172
7.810000 -0.071815
7.820000 -0.072315
7.830000 -0.072671
7.840000 -0.072883
7.850000 -0.072952
7.860000 -0.072877
7.870000 -0.072661
7.880000 -0.072304
7.890000 -0.071807
7.900000 -0.071172
7.910000 -0.070402
7.920000 -0.069497
7.930000 -0.068462
7.940000 -0.067297
7.950000 -0.066007
7.960000 -0.064595
7.970000 -0.063063
7.980000 -0.061415
7.990000 -0.059656
8.000000 -0.057789
8.010000 -0.055818
8.020000 -0.053748
8.030000 -0.051583
8.040000 -0.049329
8.050000 -0.046988
8.060000 -0.044568
8.070000 -0.042073
8.080000 -0.039508
8.090000 -0.036878
8.100000 -0.034189
8.110000 -0.031447
8.120000 -0.028658
8.130000 -0.025826
8.140000 -0.022957
8.150000 -0.020058
8.160000 -0.017135
8.170000 -0.014192
8.180000 -0.011236
8.190000 -0.008273
8.200000 -0.005309
8.210000 -0.002349
8.220000 0.000601
8.230000 0.003534
8.240000 0.006447
8.250000 0.009332
8.260000 0.012184
8.270000 0.014999
8.280000 0.017770
8.290000 0.020492
8.300000 0.023161
8.310000 0.025771
8.320000 0.028318
8.330000 0.030796
8.340000 0.033202
8.350000 0.035531
8.360000 0.037779
8.370000 0.039942
8.380000 0.042016
8.390000 0.043998
8.400000 0.045883
8.410000 0.047669
8.420000 0.049354
8.430000 0.050933
8.440000 0.052405
8.450000 0.053767
8.460000 0.055017
8.470000 0.056154
8.480000 0.057174
8.490000 0.058078
8.500000 0.058864
8.510000 0.059531
8.520000 0.060079
8.530000 0.060506
8.540000 0.060812
8.550000 0.060999
8.560000 0.061065
8.570000 0.061011
8.580000 0.060839
8.590000 0.060548
8.600000 0.060140
8.610000 0.059617
8.620000 0.058980
8.630000 0.058231
8.640000 0.057372
8.650000 0.056404
8.660000 0.055332
8.670000 0.054156
8.680000 0.052881
8.690000 0.051509
8.700000 0.050042
8.710000 0.048485
8.720000 0.046841
8.730000 0.045114
8.740000 0.043307
8.750000 0.041425
8.760000 0.039471
8.770000 0.037449
8.780000 0.035364
8.790000 0.033221
8.800000 0.031023
8.810000 0.028776
8.820000 0.026483
8.830000 0.024150
8.840000 0.021782
8.850000 0.019383
8.860000 0.016958
8.870000 0.014511
8.880000 0.012049
8.890000 0.009575
8.900000 0.007095
8.910000 0.004614
8.920000 0.002135
8.930000 -0.000335
8.940000 -0.002792
8.950000 -0.005231
8.960000 -0.007648
8.970000 -0.010038
8.980000 -0.012396
8.990000 -0.014718
9.000000 -0.017000
9.010000 -0.019237
9.020000 -0.021426
9.030000 -0.023561
9.040000 -0.025640
9.050000 -0.027659
9.060000 -0.029613
9.070000 -0.031499
9.080000 -0.033315
9.090000 -0.035056
9.100000 -0.036720
9.110000 -0.038304
9.120000 -0.039805
9.130000 -0.041221
9.140000 -0.042549
9.150000 -0.043788
9.160000 -0.044934
9.170000 -0.045987
9.180000 -0.046945
9.190000 -0.047806
9.200000 -0.048569
9.210000 -0.049234
9.220000 -0.049799
9.230000 -0.050263
9.240000 -0.050628
9.250000 -0.050891
9.260000 -0.051054
9.270000 -0.051116
9.280000 -0.051077
9.290000 -0.050939
9.300000 -0.050702
9.310000 -0.050368
9.320000 -0.049936
9.330000 -0.049409
9.340000 -0.048788
9.350000 -0.048074
9.360000 -0.047271
9.370000 -0.046378
9.380000 -0.045400
9.390000 -0.044337
9.400000 -0.043194
9.410000 -0.041971
9.420000 -0.040673
9.430000 -0.039301
9.440000 -0.037860
9.450000 -0.036351
9.460000 -0.034779
9.470000 -0.033147
9.480000 -0.031458
9.490000 -0.029716
9.500000 -0.027925
9.510000 -0.026088
9.520000 -0.024209
9.530000 -0.022292
9.540000 -0.020341
9.550000 -0.018361
9.560000 -0.016354
9.570000 -0.014325
9.580000 -0.012278
9.590000 -0.010217
9.600000 -0.008147
9.610000 -0.006071
9.620000 -0.003994
9.630000 -0.001919
9.640000 0.000149
9.650000 0.002207
9.660000 0.004250
9.670000 0.006275
9.680000 0.008277
9.690000 0.010253
9.700000 0.012199
9.710000 0.014111
9.720000 0.015987
9.730000 0.017821
9.740000 0.019612
9.750000 0.021355
9.760000 0.023048
9.770000 0.024688
9.780000 0.026271
9.790000 0.027794
9.800000 0.029256
9.810000 0.030653
9.820000 0.031983
9.830000 0.033244
9.840000 0.034434
9.850000 0.035551
9.860000 0.036592
9.870000 0.037557
9.880000 0.038443
9.890000 0.039250
9.900000 0.039976
9.910000 0.040620
9.920000 0.041181
9.930000 0.041659
9.940000 0.042054
9.950000 0.042364
9.960000 0.042590
9.970000 0.042731
9.980000 0.042788
9.990000 0.042761
10.000000 0.042651
